Terdapat 9 kota dengan jarak tiap kota dalam bentuk amtriks sebagai  berikut :

d = [0, 9, 15, 23, 21, 15, 14, 6, 13;
9, 0, 15, 21, 23, 19, 20, 11, 17;
14, 13, 0, 5, 8, 8, 12, 9, 10;
17, 21, 5,0, 4, 5, 9, 11, 5;
10, 22, 8, 4,0, 5, 10, 12, 7;
14, 21, 8, 5, 5, 0, 6, 8, 5;
14, 20, 12, 9, 10, 6,0, 10, 9;
6, 11, 10, 11, 12, 8, 10, 0, 7;
13, 11, 10, 11, 12, 8, 10, 7, 0];

Jelaskan langkah-langkah menghitung rute terpendek menggunakan metode ant colony optimization di software GNU Octave!

d=[0, 9, 15, 23, 21,	15,	14,	6, 13, 11, 21, 27, 12, 15, 5;
9, 0, 15, 21, 23, 19, 20, 11, 17,	12,	19,	22,	18,	20,	10;
14,	13,	0, 5, 8,	8, 12, 9, 10, 24, 27, 29, 18, 21,	17;
17,	21,	5, 0, 4, 5, 9, 11, 5, 30, 28, 25, 15, 17, 19;
10, 22, 8, 4, 0, 5, 10, 12, 7, 31, 30, 26, 16, 18, 20;
14, 21, 8, 5, 5, 0, 6, 8, 5, 27, 25, 22, 12, 14, 16;
14, 20, 12, 9, 10, 6, 0, 10, 9, 25, 19, 16, 6, 8, 14;
6, 11, 10, 11, 12, 8, 10, 0, 7, 24, 24, 26, 15, 18, 15;
13, 11, 10, 11, 12, 8, 10, 7, 0, 19, 17, 19, 13, 15, 8;
11, 12, 24, 30, 31, 27, 25, 24, 19, 0, 15, 21, 21, 26, 11;
21, 19, 27, 28, 30, 25, 19, 24, 17, 15, 0, 6, 13, 19, 10;
27, 22, 29, 25, 26, 22, 16, 26, 19, 21, 6, 0, 10, 13, 12;
12, 18, 18, 15, 16, 12, 6, 15, 13, 21, 13, 10, 0, 4, 10;
15, 20, 21, 17, 18, 14, 8, 18, 15, 26, 19, 13, 4, 0, 12;
5, 10, 17, 19, 20, 16, 14, 15, 8, 11, 10, 12, 10, 12, 0];

QGIS
x = [6,4,11,13,15,14,13,11,9,1,7,11,13,15,8];
    y = [11,13,16,17,17,14,12,15,12,9,4,4,8,9,9];
